              precision    recall  f1-score   support

    Ball_007     0.9701    0.9420    0.9559        69
    Ball_014     1.0000    1.0000    1.0000        69
    Ball_021     1.0000    0.9855    0.9927        69
      IR_007     1.0000    1.0000    1.0000        69
      IR_014     1.0000    1.0000    1.0000        69
      IR_021     0.9857    1.0000    0.9928        69
      Normal     1.0000    1.0000    1.0000        69
      OR_007     1.0000    1.0000    1.0000        69
      OR_014     0.9437    0.9710    0.9571        69
      OR_021     1.0000    1.0000    1.0000        69

    accuracy                         0.9899       690
   macro avg     0.9900    0.9899    0.9899       690
weighted avg     0.9900    0.9899    0.9899       690
